140304
18880
227292
555275
616124
90616
86691
8814
478020
202039
99666
478380
57989
500
117054
67298
152256
21573
87600
667320
854112
138966
357420
221796
65163
53320
29746
93520
118712
471870
495349
441126
462944
33681
412925
134640
338560
362016
60528
261050
272373
297369
833560
616196
87934
275258
104895
133380
88803
49588
72828
161920
99078
239651
794430
391715
160650
441177
17820
249228
223095
299541
404038
511650
13962
213006
602712
171680
204085
57424
120267
9126
127650
637632
400510
591855
408576
417051
14625
315700
780231
2880
57816
5254
104267
848793
412158
463557
36942
88644
5704
861651
187347
71816
160888
540625
308066
18245
148680
72693
421872
4230
523095
403270
419805
236292
18146
731024
131347
764708
140620
126882
157248
107640
302521
482592
587180
389127
61236
234520
42880
47226
363772
709200
198180
712396
80372
561478
291566
113928
541696
351288
457240
590490
164498
20888
21590
206988
216132
684648
218770
98298
297306
201865
467327
223390
66360
342528
177642
131421
253897
23640
313984
29116
27610
392562
377025
134862
448625
358160
159506
40446
96875
11186
70560
539220
95680
77057
458919
227500
60676
356700
572508
135938
568564
375720
24975
104904
846314
54976
235470
231968
149694
396480
515350
204726
147950
106950
99264
91000
227688
25625
3040
496316
9955
813124
759922
549584
665280
218500
282452
28800
406945
12116
623198
83232
14234
852472
134620
105190
581025
597786
184800
222794
171038
57915
45780
10948
441549
298290
3572
740128
143640
24910
281316
391872
274536
246237
38829
168696
302940
75072
205871
41125
293000
143892
482647
261848
299429
111618
224998
421940
410718
122250
508568
306646
729810
56797
161916
56232
286824
36512
482575
317442
34164
121296
405920
486864
704145
704418
113905
475104
351265
35776
352495
387777
896350
41480
214200
139700
67402
712698
114294
261942
345920
586747
371908
830850
165435
428823
27007
594393
318780
56525
772992
429870
315253
678192
502686
35178
313200
738108
24696
107066
202350
223925
62080
492760
617143
271950
294576
89100
451848
43578
123087
83204
35689
14678
316350
296940
65339
101525
173802
336128
52800
130140
112362
80565
261888
137124
338618
69068
66156
299520
598416
9945
512478
668199
27115
115508
181235
39151
329670
340996
871572
429802
244818
25652
94468
120396
229890
57268
399343
152856
785772
285417
661996
110097
199548
697060
3666
685440
447631
84524
13112
408100
409088
310125
38148
19020
80782
149100
132830
43792
65208
176700
19448
29784
257720
6425
410210
25908
10944
326193
291842
4270
9856
122221
47124
570000
238480
10500
48720
113506
200340
52461
57939
54120
484
19278
512408
29866
30960
2006
476212
29852
32752
245340
108075
6444
217672
164424
63072
35915
55460
82820
123170
136782
306152
70612
588756
819285
190688
89688
257300
24871
513694
139872
126711
105364
80698
49396
464904
580594
41265
304000
37908
785045
57564
301719
511056
825291
183136
136890
27360
750823
528500
107440
81035
140958
117274
23456
9024
92112
88176
165141
48843
9080
671829
723344
10824
125042
118455
267426
317191
770220
567432
134106
145160
55794
250908
745554
478170
663940
134695
151905
55428
178250
494844
79600
570741
198914
6088
4984
104489
230490
84280
612444
158949
523020
678496
705260
648480
115370
2920
205720
114692
327275
497354
584972
6615
188809
139808
796688
128780
344132
2940
25346
7749
429264
109733
116459
401856
95146
656099
19608
295960
86592
171986
338250
25875
200277
232155
258875
357380
245980
858534
468538
72850
37600
641456
57240
20736
432718
11628
581387
392040
124173
46665
25286
301410
282452
184632
51400
570078
205301
662284
208791
93702
50848
271029
201144
256105
2336
810088
422250
234900
143220
180469
252180
314442
58421
176709
210860
48400
116964
340691
46656
169012
7440
178568
485792
165032
774
2668
437580
152019
445362
504813
30039
217645
546158
328062
24295
136477
55680
67362
173568
20215
343344
147264
412672
671508
104499
309700
45486
787236
91500
198099
159140
216400
433202
68234
477191
486330
364672
121230
464400
240318
185666
472164
194394
199364
33792
140456
249956
159580
782217
50430
656476
747368
159432
596726
75145
703296
246807
102080
450450
129019
266272
146080
137193
814324
799470
102018
61686
660093
269966
32184
431690
507566
359516
469944
316892
27000
81482
13760
52938
161184
153186
335124
2380
129712
224640
89224
82044
493724
48622
14499
149026
107830
340312
434073
246935
97920
179838
370986
460192
231792
98169
32742
29848
86769
581704
158096
935946
8928
28776
25875
55198
6313
60756
480282
32431
270432
607152
550680
2532
30360
44100
375235
411080
366685
82800
366976
19544
363727
125364
81420
40680
90300
146544
355866
472563
375830
6499
266466
187981
168078
218544
176720
289545
473166
78192
208586
446355
672408
131127
112608
420812
547947
127400
459000
326128
344208
201536
69316
82695
76890
356730
7410
21330
61770
6912
263271
446004
462618
62060
16668
16230
340380
305690
524576
40680
3087
408960
243288